coords:      x      y
Cluster   size 16 
0.10075 0.74409
0.11033 0.63349
0.16836 0.77549
0.17708 0.27229
0.21951 0.32166
0.25236 0.75600
0.28516 0.65414
0.37741 0.76296
0.42453 0.28617
0.43921 0.45940
0.44245 0.59657
0.49226 0.79476
0.52615 0.30607
0.52945 0.73244
0.64387 0.71667
0.83961 0.57071
Cluster   size 22 
0.14356 0.38122
0.15013 0.68933
0.28844 0.37020
0.29193 0.51791
0.32123 0.30091
0.32407 0.73694
0.35663 0.37364
0.37077 0.58782
0.37146 0.66352
0.37280 0.50881
0.37541 0.44110
0.41896 0.37527
0.44318 0.78505
0.45012 0.72132
0.47719 0.37470
0.60576 0.66227
0.62795 0.28668
0.64210 0.40751
0.73410 0.29803
0.76238 0.22722
0.82166 0.52202
0.83667 0.46197
Cluster   size 20 
0.04720 0.65359
0.04948 0.57906
0.05055 0.51182
0.05514 0.44906
0.05891 0.37992
0.12701 0.45552
0.15312 0.52222
0.17628 0.58721
0.21754 0.66304
0.22582 0.37293
0.22861 0.51415
0.22939 0.58380
0.23224 0.44103
0.62706 0.35046
0.66336 0.79553
0.73809 0.74431
0.79920 0.34261
0.81020 0.73788
0.85417 0.24048
0.86519 0.36924
Cluster   size 19 
0.10693 0.58208
0.12167 0.31481
0.18816 0.40879
0.26537 0.27814
0.28501 0.59369
0.30170 0.42945
0.38664 0.20873
0.43881 0.54127
0.75944 0.37627
0.76611 0.43766
0.76924 0.50606
0.77395 0.57652
0.77410 0.65180
0.84193 0.65381
0.91041 0.43513
0.91331 0.51304
0.91372 0.65091
0.91443 0.57713
0.91750 0.36843
Cluster   size 19 
0.00865 0.17991
0.00280 0.81240
0.05700 0.28889
0.10123 0.52996
0.18809 0.47338
0.53116 0.66150
0.53235 0.50793
0.53173 0.58314
0.53619 0.37798
0.53617 0.44346
0.59152 0.44101
0.62020 0.50511
0.63830 0.57713
0.68729 0.65634
0.68890 0.43604
0.69033 0.36990
0.69307 0.50449
0.69438 0.57729
0.99850 0.81344
Cluster   size 17 
0.10032 0.74467
0.10983 0.63424
0.16791 0.77702
0.17666 0.27292
0.25236 0.75735
0.28904 0.37097
0.29112 0.51087
0.35719 0.37398
0.37222 0.50918
0.37051 0.58885
0.37139 0.66461
0.37567 0.44108
0.41887 0.37460
0.47732 0.37513
0.73157 0.68472
0.81342 0.39716
0.84039 0.57167
