coords:      x      y
Cluster   size 13 
0.06527 0.64564
0.06824 0.56958
0.07061 0.50431
0.07217 0.43902
0.07440 0.36867
0.14392 0.44426
0.16950 0.51159
0.19566 0.57621
0.23760 0.65605
0.24027 0.35930
0.24698 0.57365
0.24496 0.42931
0.24692 0.50818
Cluster   size 8 
0.30386 0.35035
0.37186 0.35299
0.38623 0.57541
0.38951 0.49055
0.38950 0.64527
0.39213 0.42216
0.43480 0.35581
0.49336 0.35578
Cluster   size 13 
0.54882 0.48625
0.54832 0.63804
0.54872 0.56057
0.55175 0.35610
0.55218 0.42147
0.60731 0.41899
0.63637 0.48389
0.65474 0.55384
0.70393 0.41394
0.70415 0.63232
0.70478 0.34809
0.70860 0.48218
0.71080 0.55490
Cluster   size 11 
0.77934 0.35238
0.78062 0.41634
0.78700 0.48435
0.78947 0.55394
0.78931 0.62842
0.85724 0.62958
0.92341 0.41175
0.92460 0.34426
0.92807 0.62677
0.92875 0.55313
0.93092 0.48713
